z,x,y
1,-0.05715,0.0381
1,-0.040639999365,0.0381
1,-0.040639999365,0.0381
1,-0.040473765255,0.03809854839
1,-0.04030758258,0.03809419737
1,-0.04014150087,0.03808694694
1,-0.039975569655,0.0380767971
1,-0.039809842275,0.038063753565
1,-0.039644366355,0.038047820145
1,-0.039479195235,0.038029002555
1,-0.03931437654,0.0380073027
1,-0.039149961705,0.03798273201
1,-0.03898600026,0.037955294295
1,-0.03882254364,0.03792499908
1,-0.038659641375,0.03789185589
1,-0.03849734109,0.03785587425
1,-0.03833569422,0.037817067495
1,-0.03817474839,0.037775443245
1,-0.038014555035,0.03773101674
1,-0.037855159875,0.03768380322
1,-0.03769661244,0.037633814115
1,-0.037538964165,0.037581064665
1,-0.037382258865,0.037525572015
1,-0.03722654607,0.03746735331
1,-0.0370718715,0.037406425695
1,-0.03691828659,0.03734280822
1,-0.03676583325,0.037276519935
1,-0.03661456101,0.037207581795
1,-0.03646451559,0.03713601285
1,-0.036315740805,0.037061837865
1,-0.03616828428,0.03698507589
1,-0.036022187925,0.036905753595
1,-0.035877499365,0.036823891935
1,-0.007302499365,0.020326108065
1,-0.007230334155,0.02028486291
1,-0.007157810805,0.020244246405
1,-0.007084936935,0.02020426617
1,-0.007011716355,0.02016492411
1,-0.00693815478,0.02012622213
1,-0.00686425983,0.020088162135
1,-0.00679003341,0.02005074984
1,-0.006715485045,0.02001398715
1,-0.006640618545,0.01997787597
1,-0.006565439625,0.019942418205
1,-0.006489954,0.01990761957
1,-0.006414167385,0.019873480065
1,-0.006338085495,0.0198400035
1,-0.006261714045,0.01980719178
1,-0.00618505875,0.01977504681
1,-0.00610812723,0.019743574305
1,-0.006030923295,0.01971277236
1,-0.005953454565,0.01968264669
1,-0.00587572485,0.019653197295
1,-0.00579774177,0.019624427985
1,-0.00571951104,0.019596340665
1,-0.00564103647,0.019568935335
1,-0.005562327585,0.01954221771
1,-0.00548338629,0.019516185885
1,-0.00540422211,0.019490845575
1,-0.00532484076,0.01946619678
1,-0.00524524605,0.019442241405
1,-0.0051654456,0.01941898326
1,-0.005085445125,0.01939642044
1,-0.005005252245,0.019374556755
1,-0.004924868865,0.01935339411
1,-0.004844306415,0.019332932505
1,-0.0047635668,0.01931317575
1,-0.004682659545,0.01929412575
1,-0.004601586555,0.0192757806
1,-0.00452035926,0.01925814411
1,-0.004438979565,0.01924121628
1,-0.00435745509,0.01922500092
1,-0.004275793455,0.019209496125
1,-0.00419399847,0.019194705705
1,-0.004112077755,0.01918062966
1,-0.00403003893,0.01916726799
1,-0.0039478839,0.019154624505
1,-0.003865624095,0.0191426973
1,-0.00378326142,0.01913148828
1,-0.0037008054,0.019120997445
1,-0.003618259845,0.019111228605
1,-0.00353563428,0.019102179855
1,-0.00345293061,0.019093851195
1,-0.00337015836,0.019086246435
1,-0.003287323245,0.019079361765
1,-0.00320443098,0.0190732029
1,-0.00312148728,0.01906776603
1,-0.003038499765,0.01906305306
1,-0.00295547415,0.019059065895
1,-0.002872418055,0.01905580263
1,-0.00278933529,0.019053263265
1,-0.002706233475,0.01905145161
1,-0.00262312023,0.01905036195
1,-0.002539999365,0.01905
1,0,0.01904999238
1,8.450961E-05,0.01905018669
1,0.00016901922,0.01905075057
1,0.000253523115,0.01905168783
1,0.0003380232,0.01905299847
1,0.00042251757,0.0190546863
1,0.000507002415,0.01905674751
1,0.000591477735,0.019059184005
1,0.000675941625,0.019061995785
1,0.00076039218,0.019065180945
1,0.000844827495,0.019068743295
1,0.000929245665,0.01907267712
1,0.00101364669,0.01907698623
1,0.00109802676,0.019081670625
1,0.001182385875,0.0190867284
1,0.00126672213,0.01909216146
1,0.001351031715,0.0190979679
1,0.001435316535,0.01910414772
1,0.001519570875,0.019110702825
1,0.001603798545,0.01911763131
1,0.001687991925,0.019124933175
1,0.00177215292,0.01913260842
1,0.001856279625,0.01914065514
1,0.00194036823,0.019149077145
1,0.00202442064,0.01915787253
1,0.002108433045,0.01916703939
1,0.002192401635,0.01917657963
1,0.00227633022,0.019186491345
1,0.00236021118,0.019196774535
1,0.002444048325,0.019207431105
1,0.00252783594,0.019218461055
1,0.002611574025,0.019229860575
1,0.002695260675,0.01924163157
1,0.002778893985,0.01925377404
1,0.00286247205,0.01926628608
1,0.00294599487,0.0192791715
1,0.003029458635,0.019292424585
1,0.003112863345,0.019306049145
1,0.003196207095,0.019320043275
1,0.00327948798,0.019334406975
1,0.003362704095,0.019349140245
1,0.00344585544,0.019364243085
1,0.0035289363,0.01937971359
1,0.003611950485,0.019395553665
1,0.003694890375,0.019411761405
1,0.00377775978,0.01942833681
1,0.00386055489,0.01944527988
1,0.0039432738,0.01946258871
1,0.004025914605,0.019480265205
1,0.0041084754,0.019498309365
1,0.00419095809,0.01951671738
1,0.004273355055,0.01953549306
1,0.004355670105,0.019554632595
1,0.00443789943,0.01957413789
1,0.00452003922,0.019594008945
1,0.00460209138,0.01961424195
1,0.004684054005,0.019634840715
1,0.004765923285,0.01965580143
1,0.00484769922,0.019677126
1,0.004929379905,0.01969881252
1,0.005010963435,0.01972086099
1,0.005092447905,0.01974327141
1,0.005173833315,0.01976604378
1,0.005255115855,0.019789176195
1,0.00533629362,0.019812668655
1,0.005417368515,0.019836523065
1,0.00549833673,0.019860735615
1,0.00557919636,0.019885306305
1,0.0056599455,0.019910235135
1,0.00574058415,0.01993552401
1,0.0058211085,0.01996116912
1,0.005901520455,0.019987170465
1,0.0059818143,0.02001352995
1,0.00606199194,0.020040243765
1,0.006142049565,0.020067313815
1,0.00622198527,0.0200947401
1,0.006301799055,0.02012251881
1,0.006381489015,0.02015065185
1,0.00646105515,0.02017913922
1,0.006540491745,0.02020797711
1,0.006619800705,0.02023716933
1,0.006698980125,0.02026671207
1,0.006778026195,0.02029660533
1,0.006856938915,0.02032684911
1,0.006935718285,0.02035744341
1,0.00701435859,0.020388386325
1,0.00709286364,0.020419677855
1,0.00717122772,0.020451318
1,0.00724945083,0.020483304855
1,0.007327531065,0.02051563842
1,0.00740546652,0.02054831679
1,0.007483221,0.020581239
1,0.00752523768,0.02059955748
1,0.00862571808,0.02107776582
1,0.00976997538,0.02158934976
1,0.01095437484,0.02213069742
1,0.01197047898,0.02260172772
1,0.01280448036,0.0229928166
1,0.01322780184,0.0231921558
1,0.01387165374,0.0234971082
1,0.01430672526,0.0237037626
1,0.01496916234,0.024020145
1,0.01541696688,0.0242343432
1,0.015870555,0.0244524276
1,0.01632928662,0.0246730266
1,0.016560927,0.024784812
1,0.0170286426,0.0250108974
1,0.01750211892,0.025239726
1,0.01774144026,0.0253558548
1,0.01822447206,0.0255899412
1,0.01871404182,0.0258274566
1,0.01921067532,0.0260690868
1,0.01971416682,0.0263139174
1,0.01996875864,0.0264378186
1,0.02048340582,0.0266883642
1,0.02100580254,0.026942796
1,0.0215362917,0.0272015712
1,0.0220749876,0.027464004
1,0.02262230172,0.0277310088
1,0.0231784398,0.028002357
1,0.0234598464,0.028139517
1,0.023743539,0.02827782
1,0.0240297462,0.0284174946
1,0.0246090186,0.0286998156
1,0.0249023124,0.0288426906
1,0.0251983494,0.0289869372
1,0.0257972814,0.0292784022
1,0.0261008622,0.0294260778
1,0.026406729,0.029575125
1,0.0270266922,0.0298759626
1,0.02734056,0.0300286674
1,0.0279767538,0.0303368202
1,0.0282988512,0.030492954
1,0.0286239204,0.0306504594
1,0.0292820598,0.030968442
1,0.0296155872,0.031129605
1,0.0302911002,0.0314551314
1,0.0306333144,0.031619952
1,0.031326201,0.0319530222
1,0.0316773306,0.0321215004
1,0.032031432,0.0322915788
1,0.0327485502,0.0326344788
1,0.033111567,0.0328079862
1,0.033846516,0.03315843
1,0.0342189054,0.0333358236
1,0.0349721424,0.0336931254
1,0.0353534472,0.0338741766
1,0.036124515,0.0342383364
1,0.0369076986,0.0346075254
1,0.0373038624,0.0347938344
1,0.0381044196,0.035168967
1,0.0385092702,0.0353584764
1,0.0393269724,0.0357395526
1,0.0397402812,0.0359320338
1,0.040574214,0.0363185964
1,0.041418891,0.036708588
1,0.04184523,0.0369049554
1,0.0427043088,0.037299519
1,0.043137963,0.0374981724
1,0.0440107578,0.0378963936
1,0.0448915536,0.0382966722
1,0.0453352662,0.0384980688
1,0.0462270348,0.0389006334
1,0.0471242898,0.039304341
1,0.0475753176,0.0395068806
1,0.048479202,0.0399108168
1,0.0493858296,0.0403142958
1,0.0498400578,0.0405161496
1,0.0507473712,0.0409173426
1,0.0516530844,0.041316021
1,0.0521050266,0.0415146744
1,0.053003196,0.0419076378
1,0.0538931358,0.0422953434
1,0.0543343338,0.0424871388
1,0.0552041568,0.042863643
1,0.0560547774,0.0432303174
1,0.056471058,0.0434093112
1,0.057278016,0.043755183
1,0.057666636,0.0439216038
1,0.0583997562,0.0442338714
1,0.0587369412,0.0443772036
1,0.0597523824,0.0448074288
1,0.0607211892,0.045215937
1,0.0617135418,0.0456324462
1,0.0627296688,0.0460567278
1,0.063246762,0.0462722976
1,0.0642969504,0.046707552
1,0.0653711418,0.0471503502
1,0.066468879,0.0476006922
1,0.067590162,0.0480583494
1,0.068735448,0.0485228646
1,0.0699040512,0.0489944664
1,0.0710975718,0.0494733834
1,0.0717022188,0.0497145564
1,0.0729309438,0.0502030746
1,0.074182986,0.0506982222
1,0.0754590312,0.051199542
1,0.0767586222,0.0517068054
1,0.077416533,0.0519621516
1,0.078750414,0.0524781018
1,0.0801080694,0.052999767
1,0.0807947838,0.0532619712
1,0.0821865006,0.0537916374
1,0.083600163,0.054325647
1,0.0843152238,0.0545944806
1,0.0857624904,0.0551355768
1,0.0864937818,0.0554076108
1,0.0879737382,0.0559553364
1,0.0887210316,0.0562303422
1,0.0902323062,0.0567837828
1,0.0909951444,0.0570615318
1,0.0925363656,0.057619773
1,0.0933142914,0.0579002652
1,0.0948840876,0.0584623926
1,0.0964730862,0.0590277204
1,0.0980806014,0.0595951056
1,0.0988903026,0.059879484
1,0.1005225066,0.0604493838
1,0.1021711698,0.0610208838
1,0.1038342348,0.061592841
1,0.1055121588,0.0621659412
1,0.1072028844,0.06273927
1,0.1089070974,0.0633128274
1,0.1106225118,0.0638859276
1,0.112350042,0.0644592564
1,0.1140878592,0.0650314422
1,0.1158375636,0.0656038566
1,0.1167158448,0.0658896066
1,0.1184817798,0.066460878
1,0.120260745,0.067032378
1,0.1211543424,0.0673178994
1,0.1229534244,0.0678893994
1,0.12476988,0.068462271
1,0.1256845086,0.0687489354
1,0.127530225,0.0693243216
1,0.1294008588,0.0699029082
1,0.1313000676,0.0704860668
1,0.1332312804,0.071074026
1,0.1352004408,0.0716686146
1,0.1372118922,0.0722712042
1,0.1392706638,0.0728829378
1,0.141379956,0.0735045012
1,0.142454376,0.0738190548
1,0.1435429692,0.0741363516
1,0.14464665,0.0744566202
1,0.1457651898,0.0747798606
1,0.146899503,0.0751063014
1,0.1480495896,0.075435714
1,0.1492159068,0.075768327
1,0.151599519,0.0764436114
1,0.1528170426,0.0767862828
1,0.1540514826,0.077131926
1,0.1553035248,0.0774812268
1,0.1565740836,0.077833728
1,0.1578622446,0.0781898868
1,0.159168465,0.0785490174
1,0.1618355412,0.0792771084
1,0.1631961684,0.0796458402
1,0.164575998,0.0800177724
1,0.1673918928,0.0807714666
1,0.1688272722,0.0811525428
1,0.1702823112,0.0815368194
1,0.1732483962,0.0823140594
1,0.1747605852,0.0827070228
1,0.1778421132,0.0835014078
1,0.181003194,0.0843072228
1,0.182613681,0.0847143594
1,0.185894091,0.085536405
1,0.1875646998,0.085951314
1,0.1892565684,0.0863694234
1,0.1909683252,0.0867895902
1,0.1927022562,0.0872129574
1,0.1944560754,0.0876386106
1,0.1962332118,0.0880672356
1,0.1980306936,0.0884981466
1,0.1998508068,0.0889320294
1,0.201694923,0.089368884
1,0.2035596132,0.089807796
1,0.2054478492,0.0902494512
1,0.2073600882,0.0906940782
1,0.2092945014,0.0911409912
1,0.2112524604,0.0915901902
1,0.2132353368,0.092042361
1,0.2152435878,0.0924970464
1,0.2172758418,0.092954475
1,0.2193316416,0.0934137324
1,0.2214130446,0.0938755044
1,0.2235207366,0.0943400196
1,0.225654489,0.0948070494
1,0.2278152162,0.0952765938
1,0.230003604,0.0957484242
1,0.232218738,0.0962229978
1,0.234461304,0.0966998574
1,0.236731302,0.0971794602
1,0.239031018,0.0976611204
1,0.241358166,0.0981455238
1,0.243715032,0.0986324418
1,0.246103902,0.0991216458
1,0.248520204,0.099613593
1,0.25096851,0.1001080548
1,0.253451106,0.1006050312
1,0.25596342,0.1011045222
1,0.258507738,0.1016065278
1,0.26108406,0.102111048
1,0.263694672,0.1026180828
1,0.266339574,0.1031276322
1,0.269018766,0.1036394676
1,0.271732248,0.1041538176
1,0.274484592,0.1046709108
1,0.27726894,0.1051900614
1,0.28009215,0.1057117266
1,0.282951936,0.1062359064
1,0.285850584,0.1067623722
1,0.288785808,0.1072913526
1,0.291759894,0.107822619
1,0.294777414,0.1083564
1,0.29783151,0.1088926956
1,0.30092904,0.1094315058
1,0.304065432,0.109972602
1,0.307247544,0.1105162128
1,0.310470804,0.1110623382
1,0.313739784,0.1116107496
1,0.317049912,0.1121612184
1,0.32040576,0.1127137446
1,0.323809614,0.1132680996
1,0.327254616,0.1138242834
1,0.33074991,0.1143825246
1,0.334290924,0.1149419088
1,0.337879944,0.1155028932
1,0.34151697,0.1160650206
1,0.345202002,0.1166287482
1,0.348939612,0.1171943046
1,0.350528341995,0.1174320867
